5
1 2 10 4 30 5 100
2 3 50
3 5 10
4 3 20 5 60
5
6
1 2 20 4 30
2 3 20 5 40
3 6 20
4 3 20 5 20 6 30
5 6 10
6
9
1 2 5 3 8
2 4 16 5 2
3 4 7 7 3
4 6 9 9 10
5 4 13
6 9 5
7 4 4 8 11
8 9 8
9
10
1 2 12 6 15
2 1 12 3 4 5 10
3 2 4 4 13 5 3
4 3 13 8 15
5 2 10 3 3 7 10
6 1 15 7 7 9 21
7 5 10 6 7 8 9 10 19
8 4 15 7 9 10 5
9 6 21 10 25
10 7 19 8 5 9 25
13
1 3 7 4 20 8 13
2 6 10
3 2 18
4 7 2 10 19
5 10 20
6 5 15
7 9 2 10 17 13 15
8 4 9 9 4
9 7 2 12 14 13 2
10 5 20 7 17 11 2
11 10 2 13 8
12 9 14
13 7 15 9 2 11 8
6
1 2 15 3 2 5 70 6 10
2 1 15 5 7
3 1 2 5 1
4 3 5 5 30 6 20
5 1 70 2 7 3 1 4 30 6 5
6 1 10 4 20 5 5